[0.7093487]
[0.78438795]
[0.80854136]
[0.7554406]
[0.7538979]
[0.7718402]
[0.81040925]
[0.80808294]
[0.79581493]
[0.7909957]
[0.8077095]
[0.7685273]
[0.80528605]
[0.7714639]
[0.90310585]
[0.73851895]
[0.78894407]
[0.8369446]
[0.76463735]
[0.8078136]
[0.85116553]
[0.79726577]
[0.72817564]
[0.7651625]
[0.77930146]
[0.8058455]
[0.75852346]
[0.8036559]
[0.8086097]
[0.81302094]
[0.8061977]
[0.8228783]
[0.80244577]
[0.7710349]
[0.8105116]
[0.7832051]
[0.8484123]
[0.7955675]
[0.79084045]
[0.7746055]
[0.7733693]
[0.7434623]
[0.7580354]
[0.88739824]
[0.76590544]
[0.8245249]
[0.8048442]
[0.78061324]
[0.8012167]
[0.8107216]
[0.80429226]
[0.7430139]
[0.8059366]
[0.79289746]
[0.77391857]
[0.68935853]
[0.7884435]
[0.7676724]
[0.7944393]
[0.8414676]
[0.89528203]
[0.7677812]
[0.755138]
[0.8018457]
[0.8087879]
[0.7956832]
[0.7788997]
[0.7685158]
[0.72533584]
[0.7432488]
[0.8468502]
[0.8397637]
[0.7794167]
[0.80979174]
[0.75811213]
[0.76643294]
[0.8007693]
[0.69965535]
[0.9135017]
[0.809356]
[0.7869801]
[0.7131588]
[0.8033987]
[0.8303654]
[0.75677955]
[0.6945743]
[0.7458776]
[0.76322097]
[0.79894966]
[0.79745185]
[0.72651833]
[0.814364]
[0.75142777]
[0.73797995]
[0.7363966]
[0.79429215]
[0.75269395]
[0.7647718]
[0.7237112]
[0.8048376]
[0.9127364]
[0.69674784]
[0.6895126]
[0.7385929]
[0.6967]
[0.7369664]
[0.76630604]
[0.7502925]
[0.85241425]
[0.7224208]
[0.74771243]
[0.76505303]
[0.8042386]
[0.7839457]
[0.775923]
[0.76073515]
[0.8027605]
[0.8022738]
[0.7443858]
[0.81326497]
[0.79897875]
[0.75914764]
[0.829975]
[0.7811185]
[0.8159232]
[0.7654197]
[0.79136884]
[0.8097484]
[0.7611055]
[0.72740513]
[0.66138506]
[0.8322382]
[0.7997551]
[0.7838042]
[0.77140695]
[0.7918877]
[0.7547183]
[0.76697433]
[0.7804241]
[0.72938305]
[0.76100516]
[0.75462013]
[0.712675]
[0.79568356]
[0.75536925]
[0.8459541]
[0.7828089]
[0.7596463]
[0.7432339]
[0.7695867]
[0.7520619]
[0.7308306]
[0.72054946]
[0.74187565]
[0.738396]
[0.74436563]
[0.70602095]
[0.6836465]
[0.72390246]
[0.7700692]
[0.74773425]
[0.78032553]
[0.75736725]
[0.7473094]
[0.6998713]
[0.73563015]
[0.7154203]
[0.7947264]
[0.80513585]
[0.7697458]
[0.6150096]
[0.6882588]
[0.7284817]
[0.70568174]
[0.7135095]
[0.7686745]
[0.72922695]
[0.7763962]
[0.6988109]
[0.82055557]
[0.7988359]
[0.7552615]
[0.78923273]
[0.8034823]
[0.77584153]
[0.75288785]
[0.7626484]
[0.7840079]
[0.7612145]
[0.7761689]
[0.7760499]
[0.7726294]
[0.79456997]
[0.7374699]
[0.7865684]
[0.7603725]
[0.77166605]
[0.7622513]
[0.77156067]
[0.7713848]
[0.8630243]
[0.7762966]
[0.80859107]
[0.76804644]
[0.7981911]
[0.8082039]
[0.69726616]
[0.6832317]
[0.719927]
[0.78586644]
[0.7046474]
[0.6939702]
[0.7060851]
[0.85742426]
[0.8563229]
[0.75159585]
[0.7571648]
[0.8604488]
[0.7563302]
[0.7978906]
[0.7427213]
[0.787374]
[0.73903644]
[0.7644304]
[0.75927603]
[0.73434323]
[0.7159688]
[0.7559344]
[0.81417406]
[0.7880582]
[0.7152753]
[0.7536481]
[0.77165836]
[0.77861494]
[0.748283]
[0.7898731]
[0.7278871]
[0.7496954]
[0.7636083]
[0.748456]
[0.82955945]
[0.8050707]
[0.8034035]
[0.8268367]
[0.78239405]
[0.73602617]
[0.7457549]
[0.84749424]
[0.81317246]
[0.76771146]
[0.76396865]
[0.7615065]
[0.795151]
[0.7501263]
[0.7669274]
[0.77952105]
[0.7609516]
[0.7253266]
[0.76987493]
[0.69030815]
[0.7961831]
[0.80781674]
[0.87665886]
[0.85414064]
[0.7615179]
[0.80741864]
[0.84138125]
[0.7097989]
[0.80148447]
[0.7862]
[0.7971534]
[0.80822915]
[0.77038836]
[0.7898666]
[0.8108891]
[0.7988768]
[0.7861764]
[0.7834318]
[0.7472745]
[0.7758299]
[0.80856586]
[0.7804867]
[0.82301116]
[0.8036039]
[0.8105891]
[0.7628383]
[0.79446197]
[0.7450301]
[0.77066207]
[0.7531095]
[0.8428665]
[0.73730487]
[0.76643926]
[0.75023896]
[0.8068561]
[0.78098506]
[0.7800179]
[0.7938643]
[0.78216034]
[0.7709692]
[0.71064585]
[0.70587134]
[0.7856924]
[0.7816847]
[0.77387965]
[0.7878487]
[0.7876799]
[0.78004694]
[0.7704212]
[0.7696157]
[0.8076078]
[0.707683]
[0.7334831]
[0.75886834]
[0.80636096]
[0.74858904]
[0.8246412]
[0.76070344]
[0.7846655]
[0.8034151]
[0.7791946]
[0.79666215]
[0.86974245]
[0.753639]
[0.76554304]
[0.75120825]
[0.77072656]
[0.7835392]
[0.7863746]
[0.77314913]
[0.695267]
[0.7693062]
[0.79969645]
[0.77066493]
[0.7612706]
[0.7763139]
[0.76355785]
[0.8099493]
[0.7949453]
[0.78037614]
[0.7995313]
[0.767448]
[0.7476545]
[0.7486055]
[0.7927776]
[0.7909142]
[0.7804646]
[0.753924]
[0.7416314]
[0.7555427]
[0.8032572]
[0.752881]
[0.82882375]
[0.7598045]
[0.69819444]
[0.7558911]
[0.7961197]
[0.8076721]
[0.6774009]
[0.79571587]
[0.8072082]
[0.7931912]
[0.7488676]
[0.7735626]
[0.8085108]
[0.82727605]
[0.8262001]
[0.7982445]
[0.80965346]
[0.7689374]
[0.8256316]
[0.7514566]
[0.77787507]
[0.78483015]
[0.77167565]
[0.64895904]
[0.78832793]
[0.7794527]
[0.8159299]
[0.77936655]
[0.8099177]
[0.79694724]
[0.76198643]
[0.7357802]
[0.79139733]
[0.7833173]
[0.7850118]
[0.7914625]
[0.794883]
[0.7502577]
[0.75086427]
[0.7364471]
[0.81323475]
[0.7433033]
[0.7956023]
[0.7604538]
[0.7881534]
[0.7074981]
[0.7290451]
[0.77858585]
[0.77805036]
[0.7518197]
[0.77074975]
[0.79277575]
[0.8505669]
[0.79455024]
[0.7870433]
[0.80870515]
[0.8181895]
[0.75468284]
[0.73993266]
[0.7373121]
[0.80263203]
[0.80648416]
[0.77276903]
[0.79244643]
[0.74060005]
[0.771502]
[0.79857695]
[0.8086853]
[0.7528422]
[0.79322857]
[0.7508506]
[0.7921531]
[0.77727073]
[0.78945947]
[0.7772099]
[0.7074319]
[0.7714309]
[0.80163866]
[0.78290504]
[0.7559109]
[0.75954217]
[0.76983273]
[0.7882913]
[0.7491357]
[0.81977]
[0.787256]
[0.7916497]
[0.78064257]
[0.8053952]
[0.7965793]
[0.7798618]
[0.7679804]
[0.72259617]
[0.7539545]
[0.7452888]
[0.73656416]
[0.70200086]
[0.7843457]
[0.7432402]
[0.7605372]
[0.76667255]
[0.82178986]
[0.7793076]
[0.77845895]
[0.77557135]
[0.68293834]
[0.7335627]
[0.80970335]
[0.79513866]
[0.7114176]
[0.8341034]
[0.6931101]
[0.69221705]
[0.69868433]
[0.77133995]
[0.78776866]
[0.7507411]
[0.78653026]
[0.717022]
[0.7126564]
[0.77659833]
[0.7691928]
[0.803522]
[0.71360916]
[0.75787413]
[0.81701076]
[0.6728861]
[0.7883689]
[0.7705268]
[0.79239464]
[0.8061221]
[0.7968838]
[0.80455023]
[0.78888845]
[0.76841456]
[0.7571772]
[0.80894053]
[0.7937404]
[0.78499943]
[0.802857]
[0.8326036]
[0.7509338]
[0.85773826]
[0.7909957]
[0.7792588]
[0.79359204]
[0.7583859]
[0.793876]
[0.74061835]
[0.7873731]
[0.75003904]
[0.8036418]
[0.7791231]
[0.8073243]
[0.78895783]
[0.8096186]
[0.7881346]
[0.80002165]
[0.7054661]
[0.75304604]
[0.83282775]
[0.78547406]
[0.8542149]
[0.768306]
[0.7440453]
[0.78309053]
[0.73542947]
[0.7267387]
[0.7667706]
[0.7873822]
[0.8001834]
[0.82123613]
[0.7666755]
[0.85320663]
